 Rank  Case ID                          Dice_WT   Dice_TC   Dice_ET   Mean_Dice
--------------------------------------------------------------------------------
    1  BraTS2021_01405                   0.4212    0.0110    0.0117      0.1480
    2  BraTS2021_01333                   0.0917    0.2049    0.2022      0.1663
    3  BraTS2021_00170                   0.4956    0.0024    0.0026      0.1669
    4  BraTS2021_00694                   0.5329    0.0338    0.0036      0.1901
    5  BraTS2021_00496                   0.6009    0.0000    0.0000      0.2003
    6  BraTS2021_00540                   0.6662    0.0045    0.0045      0.2250
    7  BraTS2021_00284                   0.4895    0.1020    0.1185      0.2366
    8  BraTS2021_01422                   0.7133    0.0104    0.0000      0.2412
    9  BraTS2021_01531                   0.7511    0.0272    0.0031      0.2605
   10  BraTS2021_00412                   0.8170    0.0007    0.0011      0.2729
   11  BraTS2021_00432                   0.7986    0.0097    0.0138      0.2740
   12  BraTS2021_00659                   0.6065    0.2585    0.0391      0.3014
   13  BraTS2021_01077                   0.6703    0.1307    0.1871      0.3294
   14  BraTS2021_00656                   0.8649    0.0760    0.1023      0.3478
   15  BraTS2021_00155                   0.5982    0.2411    0.2182      0.3525
   16  BraTS2021_01483                   0.7723    0.3764    0.0000      0.3829
   17  BraTS2021_01070                   0.6625    0.3846    0.1623      0.4031
   18  BraTS2021_01137                   0.5376    0.3990    0.2979      0.4115
   19  BraTS2021_01314                   0.7810    0.4657    0.0088      0.4185
   20  BraTS2021_01505                   0.7886    0.3513    0.1298      0.4232
   21  BraTS2021_01536                   0.7865    0.1795    0.3563      0.4408
   22  BraTS2021_01532                   0.7833    0.1600    0.3939      0.4457
   23  BraTS2021_01528                   0.8150    0.5239    0.0000      0.4463
   24  BraTS2021_00557                   0.8425    0.3858    0.1231      0.4505
   25  BraTS2021_01652                   0.8469    0.2072    0.3418      0.4653
   26  BraTS2021_01523                   0.7654    0.4734    0.1654      0.4681
   27  BraTS2021_01230                   0.6631    0.5041    0.2827      0.4833
   28  BraTS2021_00338                   0.8379    0.3287    0.3088      0.4918
   29  BraTS2021_01308                   0.6349    0.4884    0.4650      0.5294
   30  BraTS2021_00222                   0.7719    0.4643    0.3977      0.5446
   31  BraTS2021_01170                   0.6905    0.4949    0.4907      0.5587
   32  BraTS2021_00734                   0.7670    0.5497    0.3914      0.5693
   33  BraTS2021_00294                   0.8659    0.5000    0.3806      0.5822
   34  BraTS2021_00588                   0.6918    0.5237    0.5345      0.5833
   35  BraTS2021_01575                   0.8839    0.3586    0.5104      0.5843
   36  BraTS2021_01152                   0.7760    0.5149    0.4694      0.5867
   37  BraTS2021_01469                   0.6209    0.6796    0.4675      0.5893
   38  BraTS2021_01178                   0.7208    0.6381    0.4135      0.5908
   39  BraTS2021_00134                   0.8796    0.4868    0.4080      0.5915
   40  BraTS2021_01031                   0.7165    0.4862    0.5735      0.5921
   41  BraTS2021_00116                   0.7954    0.5435    0.4420      0.5936
   42  BraTS2021_00547                   0.6674    0.6753    0.4433      0.5953
   43  BraTS2021_01488                   0.8013    0.5925    0.4149      0.6029
   44  BraTS2021_01417                   0.7211    0.6059    0.4835      0.6035
   45  BraTS2021_00382                   0.7959    0.7128    0.3258      0.6115
   46  BraTS2021_01201                   0.7972    0.6492    0.3979      0.6148
   47  BraTS2021_00820                   0.6994    0.6105    0.5530      0.6210
   48  BraTS2021_00456                   0.8617    0.6159    0.3890      0.6222
   49  BraTS2021_00251                   0.6828    0.7602    0.4470      0.6300
   50  BraTS2021_00417                   0.8700    0.6418    0.3844      0.6321
   51  BraTS2021_00087                   0.7824    0.6192    0.4977      0.6331
   52  BraTS2021_00032                   0.8112    0.5909    0.5064      0.6362
   53  BraTS2021_00834                   0.7413    0.6316    0.5426      0.6385
   54  BraTS2021_00367                   0.6928    0.6568    0.5665      0.6387
   55  BraTS2021_01229                   0.6912    0.7593    0.4678      0.6394
   56  BraTS2021_00324                   0.8077    0.6084    0.5110      0.6423
   57  BraTS2021_01402                   0.7630    0.5760    0.5902      0.6431
   58  BraTS2021_01065                   0.8287    0.6750    0.4325      0.6454
   59  BraTS2021_00343                   0.7081    0.6725    0.5635      0.6480
   60  BraTS2021_00606                   0.7489    0.7311    0.4801      0.6534
   61  BraTS2021_01204                   0.5866    0.7467    0.6304      0.6546
   62  BraTS2021_01611                   0.7806    0.6794    0.5206      0.6602
   63  BraTS2021_00443                   0.8739    0.5913    0.5157      0.6603
   64  BraTS2021_01416                   0.8488    0.5913    0.5517      0.6639
   65  BraTS2021_01003                   0.7797    0.7790    0.4443      0.6677
   66  BraTS2021_01599                   0.6129    0.7465    0.6497      0.6697
   67  BraTS2021_00504                   0.8692    0.5761    0.5648      0.6700
   68  BraTS2021_01390                   0.7998    0.6863    0.5287      0.6716
   69  BraTS2021_01138                   0.6318    0.7605    0.6244      0.6722
   70  BraTS2021_01066                   0.7944    0.7338    0.4896      0.6726
   71  BraTS2021_01047                   0.7848    0.8181    0.4152      0.6727
   72  BraTS2021_00583                   0.8468    0.6790    0.4968      0.6742
   73  BraTS2021_00419                   0.5624    0.8471    0.6158      0.6751
   74  BraTS2021_00140                   0.7909    0.6220    0.6188      0.6772
   75  BraTS2021_00468                   0.7406    0.7743    0.5208      0.6786
   76  BraTS2021_01059                   0.7143    0.7246    0.5990      0.6793
   77  BraTS2021_00240                   0.8746    0.7172    0.4523      0.6814
   78  BraTS2021_01414                   0.8856    0.6206    0.5456      0.6839
   79  BraTS2021_00640                   0.7955    0.8012    0.4642      0.6870
   80  BraTS2021_01009                   0.7924    0.7702    0.5018      0.6881
   81  BraTS2021_01151                   0.7554    0.6788    0.6348      0.6897
   82  BraTS2021_00767                   0.8300    0.6983    0.5462      0.6915
   83  BraTS2021_01288                   0.8386    0.8234    0.4143      0.6921
   84  BraTS2021_00466                   0.8475    0.6874    0.5532      0.6960
   85  BraTS2021_00494                   0.6304    0.8716    0.5904      0.6975
   86  BraTS2021_01394                   0.7481    0.6944    0.6580      0.7002
   87  BraTS2021_01335                   0.7967    0.6715    0.6470      0.7051
   88  BraTS2021_01332                   0.8321    0.7185    0.5654      0.7053
   89  BraTS2021_01081                   0.7559    0.7481    0.6130      0.7056
   90  BraTS2021_00356                   0.8451    0.7780    0.4974      0.7068
   91  BraTS2021_00689                   0.8371    0.7582    0.5341      0.7098
   92  BraTS2021_00376                   0.8049    0.7138    0.6162      0.7116
   93  BraTS2021_01194                   0.7991    0.8399    0.5002      0.7131
   94  BraTS2021_00389                   0.7290    0.7802    0.6333      0.7142
   95  BraTS2021_01410                   0.8411    0.8508    0.4516      0.7145
   96  BraTS2021_01050                   0.5597    0.7996    0.7861      0.7151
   97  BraTS2021_00654                   0.6903    0.8430    0.6129      0.7154
   98  BraTS2021_01036                   0.6825    0.7701    0.7014      0.7180
   99  BraTS2021_01183                   0.8148    0.7613    0.5922      0.7228
  100  BraTS2021_00296                   0.7521    0.7538    0.6653      0.7238
  101  BraTS2021_00297                   0.8152    0.8364    0.5198      0.7238
  102  BraTS2021_00477                   0.7824    0.7692    0.6243      0.7253
  103  BraTS2021_01225                   0.7737    0.7559    0.6491      0.7263
  104  BraTS2021_00194                   0.7798    0.7988    0.6028      0.7271
  105  BraTS2021_01346                   0.8509    0.8117    0.5226      0.7284
  106  BraTS2021_00619                   0.7249    0.7945    0.6690      0.7295
  107  BraTS2021_00347                   0.8161    0.8330    0.5501      0.7331
  108  BraTS2021_00327                   0.7672    0.7174    0.7153      0.7333
  109  BraTS2021_00524                   0.8206    0.8581    0.5237      0.7341
  110  BraTS2021_01535                   0.8735    0.5965       nan      0.7350
  111  BraTS2021_01338                   0.8086    0.8073    0.5913      0.7357
  112  BraTS2021_01549                   0.8350    0.7153    0.6608      0.7370
  113  BraTS2021_00407                   0.7724    0.7923    0.6500      0.7382
  114  BraTS2021_00403                   0.8171    0.7897    0.6148      0.7406
  115  BraTS2021_01129                   0.8082    0.8274    0.5873      0.7410
  116  BraTS2021_01014                   0.8399    0.8360    0.5471      0.7410
  117  BraTS2021_01004                   0.7884    0.8331    0.6023      0.7413
  118  BraTS2021_01084                   0.7784    0.8136    0.6411      0.7444
  119  BraTS2021_00124                   0.8219    0.8973    0.5170      0.7454
  120  BraTS2021_00150                   0.8613    0.7604    0.6204      0.7473
  121  BraTS2021_01403                   0.8155    0.8000    0.6284      0.7480
  122  BraTS2021_00518                   0.8068    0.8204    0.6259      0.7510
  123  BraTS2021_01052                   0.7477    0.8311    0.6743      0.7511
  124  BraTS2021_00569                   0.8426    0.8657    0.5477      0.7520
  125  BraTS2021_00238                   0.7717    0.7540    0.7335      0.7531
  126  BraTS2021_01324                   0.8325    0.8339    0.5931      0.7532
  127  BraTS2021_00478                   0.7819    0.7989    0.6803      0.7537
  128  BraTS2021_00148                   0.7860    0.7644    0.7126      0.7543
  129  BraTS2021_01285                   0.7763    0.8174    0.6729      0.7555
  130  BraTS2021_01044                   0.7150    0.8465    0.7122      0.7579
  131  BraTS2021_01254                   0.8111    0.8633    0.6026      0.7590
  132  BraTS2021_00084                   0.7753    0.7867    0.7151      0.7590
  133  BraTS2021_01351                   0.7795    0.8568    0.6445      0.7603
  134  BraTS2021_00511                   0.7994    0.8645    0.6196      0.7612
  135  BraTS2021_00793                   0.8371    0.8321    0.6225      0.7639
  136  BraTS2021_01576                   0.8858    0.7996    0.6082      0.7645
  137  BraTS2021_01306                   0.8439    0.7319    0.7232      0.7663
  138  BraTS2021_00704                   0.8673    0.8865    0.5489      0.7676
  139  BraTS2021_01190                   0.8090    0.8059    0.6881      0.7677
  140  BraTS2021_00581                   0.7553    0.8658    0.6935      0.7715
  141  BraTS2021_00747                   0.8359    0.8372    0.6428      0.7720
  142  BraTS2021_00016                   0.8062    0.8660    0.6494      0.7739
  143  BraTS2021_00429                   0.7890    0.7871    0.7464      0.7742
  144  BraTS2021_00409                   0.8154    0.8110    0.6970      0.7745
  145  BraTS2021_00802                   0.7604    0.7949    0.7697      0.7750
  146  BraTS2021_01608                   0.8399    0.8312    0.6558      0.7756
  147  BraTS2021_00110                   0.8669    0.7540    0.7236      0.7815
  148  BraTS2021_00310                   0.8411    0.8367    0.6671      0.7816
  149  BraTS2021_01595                   0.8698    0.8237    0.6563      0.7833
  150  BraTS2021_01172                   0.8625    0.8602    0.6281      0.7836
  151  BraTS2021_01219                   0.6855    0.8379    0.8315      0.7850
  152  BraTS2021_00542                   0.7950    0.8486    0.7120      0.7852
  153  BraTS2021_00191                   0.8349    0.8130    0.7083      0.7854
  154  BraTS2021_01447                   0.8667    0.8069    0.6878      0.7871
  155  BraTS2021_00122                   0.8593    0.8741    0.6286      0.7873
  156  BraTS2021_01665                   0.8536    0.7536    0.7602      0.7891
  157  BraTS2021_01627                   0.8470    0.8745    0.6473      0.7896
  158  BraTS2021_01130                   0.6655    0.8825    0.8244      0.7908
  159  BraTS2021_00097                   0.8243    0.8649    0.6895      0.7929
  160  BraTS2021_00311                   0.7305    0.8876    0.7673      0.7951
  161  BraTS2021_00261                   0.8183    0.8788    0.6893      0.7954
  162  BraTS2021_00810                   0.8592    0.7743    0.7573      0.7969
  163  BraTS2021_01328                   0.9022    0.8706    0.6228      0.7985
  164  BraTS2021_01455                   0.8568    0.8378    0.7059      0.8002
  165  BraTS2021_00818                   0.8529    0.8661    0.6880      0.8024
  166  BraTS2021_00733                   0.8652    0.8836    0.6602      0.8030
  167  BraTS2021_00077                   0.8565    0.8746    0.6837      0.8049
  168  BraTS2021_01425                   0.8228    0.8300    0.7673      0.8067
  169  BraTS2021_01117                   0.8135    0.8635    0.7567      0.8112
  170  BraTS2021_01573                   0.8560    0.8065    0.7748      0.8125
  171  BraTS2021_01305                   0.8235    0.8356    0.7795      0.8129
  172  BraTS2021_01136                   0.8592    0.8722    0.7119      0.8145
  173  BraTS2021_00707                   0.7923    0.8846    0.7731      0.8167
  174  BraTS2021_01657                   0.8346    0.8358    0.7869      0.8191
  175  BraTS2021_01303                   0.8306    0.8994    0.7292      0.8198
  176  BraTS2021_01076                   0.8227    0.8549    0.7869      0.8215
  177  BraTS2021_01642                   0.8335    0.8863    0.7556      0.8251
  178  BraTS2021_01007                   0.8677    0.8677    0.7420      0.8258
  179  BraTS2021_00436                   0.8619    0.8921    0.7306      0.8282
  180  BraTS2021_00090                   0.8551    0.8787    0.7511      0.8283
  181  BraTS2021_01659                   0.7747    0.8979    0.8155      0.8294
  182  BraTS2021_01323                   0.8249    0.8952    0.7768      0.8323
  183  BraTS2021_00804                   0.8596    0.9059    0.7362      0.8339
  184  BraTS2021_00178                   0.8316    0.8974    0.7880      0.8390
  185  BraTS2021_01561                   0.7891    0.9111    0.8209      0.8404
  186  BraTS2021_01374                   0.8576    0.9189    0.7721      0.8495
  187  BraTS2021_01092                   0.8485    0.9277    0.7891      0.8551
